[gd_scene load_steps=3 format=2]

[ext_resource path="res://assets/robot/robot_PuttIntro1.fbx" type="PackedScene" id=3]
[ext_resource path="res://Robot.gd" type="Script" id=4]

[node name="Robot" type="Spatial"]
script = ExtResource( 4 )

[node name="robot_PuttIntro1" parent="." instance=ExtResource( 3 )]

[node name="Plane" parent="robot_PuttIntro1/RootNode" index="0"]
transform = Transform( 0.998132, -0.0163429, -0.05886, 0.0130397, 0.998341, -0.0560739, 0.0596788, 0.0552017, 0.99669, 0, -0.00249378, 0 )

[node name="polySurface2" parent="robot_PuttIntro1/RootNode" index="1"]
transform = Transform( -0.251208, -0.17104, -0.952701, 0.524037, 0.803503, -0.282432, 0.813806, -0.5702, -0.112215, -0.0656212, 0.0122994, 0.0132529 )
visible = false

[node name="Cylinder008" parent="robot_PuttIntro1/RootNode" index="2"]
transform = Transform( 0.976737, 0, -0.21444, 0, 1, 0, 0.21444, 0, 0.976737, 0.000752582, -0.00350236, 0.000337226 )

[node name="polySurface1" parent="robot_PuttIntro1/RootNode" index="3"]
transform = Transform( 0.426702, -0.0522373, 0.902883, -0.445954, 0.856369, 0.260304, -0.786798, -0.513716, 0.342118, 0.00289972, 0.0100116, 0.0138363 )

[node name="AnimationPlayer" parent="robot_PuttIntro1/RootNode" index="5"]
method_call_mode = 1

[editable path="robot_PuttIntro1"]
